19867477740
19866861838
19866861837
19866449349
19866449336
19865841050
19865697919
19865697917
19863816135
19861863854
19860479418
19858965628
19856785325
19855210504
19853595801
19852061021
19851812488
19850526285
19849505540
19848144557
19847771333
19847771316
19847171868
19847003835
19845735077
19843506846
19840805367
19839389188
19838853080
19838853013
19838433925
19838433908
19838326510
19838326500
19838118574
19838118573
19837918294
19837918291
19837800793
19837151885
19837151751
19836930567
19836930544
19836779228
19836779214
19836264934
19836081315
19836081314
19836014510
19836013711
19835897594
19835897571
19835162905
19835162764
19835078186
19835078171
19835026286
19835026273
19834910135
19834910091
19834701966
19834700636
19834654430
19834638928
19834638923
19834584887
19834584865
19834480842
19834480730
19834300570
19834300563
19834249901
19834249874
19834099496
19834099373
19834028374
19834028157
19833838062
19833838047
19833780562
19833780538
19833731459
19833731453
19833687337
19833687326
19833658921
19833658913
19833575367
19833575342
19833525293
19833525277
19833494008
19833494001
19833424452
19833424443
19833373690
19833371414
19833362291
19833325536
19833325501
